110 6.116 1116.917480 52.200047 50.044868 57.444893 63.503162
91 8.417 284.386627 38.739880 32.663544 39.029125 45.053226
93 8.876 283.653534 38.031639 32.010868 38.243538 44.131657
116 6.537 554.287537 43.217163 38.408600 46.722214 53.985771
106 7.485 528.534363 54.088352 52.496899 58.430981 63.289780
119 9.230 348.886200 37.160275 31.859621 37.552467 42.759212
123 9.362 522.806335 31.942471 24.781374 31.502518 37.895260
92 8.840 609.722961 38.686924 33.072025 40.108017 46.472263
118 10.571 372.469208 30.230289 22.634611 28.025608 33.489712
125 10.722 337.727234 30.009136 23.517187 28.995331 34.182564
102 5.198 1159.387329 58.133125 56.571529 63.553776 69.231148
116 8.238 963.219727 44.685467 41.134495 48.744057 55.141087
103 12.952 762.408752 28.005337 20.800367 26.167265 31.410158
89 8.092 285.663879 38.827442 32.467590 39.011841 45.237865
88 7.204 739.121399 49.995949 46.434822 52.615311 58.075974
122 9.110 570.057861 32.062984 24.165661 30.984970 37.653805
118 9.408 601.349304 31.777983 23.994249 30.600893 37.091785
49 4.311 429.641418 66.516670 65.816719 71.579781 76.198433
106 10.766 236.124359 36.438709 30.834551 36.622074 41.919716
124 10.796 293.709991 31.155014 25.275188 30.791056 35.889683
112 11.128 270.227264 26.584379 18.110552 23.333792 28.777290
122 9.445 959.201050 46.202950 43.032776 48.281963 52.811405
73 8.677 275.333618 48.700504 46.636822 51.522053 55.565598
78 11.236 221.195847 24.838902 16.090834 21.794500 27.637457
88 7.095 436.741974 51.716278 49.953426 56.723171 62.245815
113 9.010 480.378357 43.040096 39.752224 45.954460 51.191189
112 8.437 831.737122 46.069099 42.581505 48.281017 53.242912
98 8.494 858.221741 31.300594 22.621513 30.343271 37.864162
128 10.991 351.674133 25.941217 16.841913 22.241919 27.998459
106 6.074 955.328796 52.088932 48.774410 55.794765 61.779045
116 7.728 1021.227173 50.118084 47.371853 52.894939 57.652527
120 8.210 976.925171 47.283569 43.742096 49.298443 54.185837
110 7.695 957.889587 50.425499 47.582676 53.326283 58.241772
119 12.695 232.538467 31.214468 25.242279 30.498034 35.444630
104 9.290 381.471985 49.361759 46.452522 51.892578 56.457008
110 9.384 409.289856 48.114311 44.901939 50.523651 55.287918
112 8.863 511.239685 46.898323 44.250122 50.822372 56.261299
98 6.922 780.017700 44.742634 41.539822 49.628376 56.410480
98 6.611 832.263550 46.089527 43.338558 51.586903 58.401325
119 6.243 1133.787720 48.567322 45.830914 53.735222 60.261768
117 6.301 1026.169678 46.819786 43.558922 51.686203 58.457203
92 6.702 445.442749 49.401287 46.348000 53.623226 59.769089
125 12.818 240.032089 29.905621 23.961119 29.040909 33.791557
121 12.904 238.330994 30.750851 24.803848 29.974543 34.832180
108 8.037 543.951416 50.036869 47.414501 53.168938 58.050426
123 8.975 484.828491 38.899200 34.229893 40.251923 45.586338
111 8.921 469.425842 50.787128 47.933754 53.604023 58.384319
111 10.498 417.534241 25.312269 15.984636 21.483086 27.349707
112 6.020 1084.692871 50.672203 48.276855 55.875393 62.141758
103 6.994 995.666138 50.976437 47.651482 53.913788 59.357182
113 6.237 760.158813 50.043591 47.897015 55.843937 62.305557
119 12.063 243.003662 30.741877 24.617468 30.409952 35.828629
122 13.565 231.965866 27.670856 21.803240 26.204527 30.380573
69 9.351 884.676331 47.923241 44.888317 48.944901 52.595619
95 7.805 469.135834 50.303959 48.353554 54.301678 59.201744
102 8.143 352.667053 45.314106 41.308292 46.791065 51.651810
100 10.369 336.012238 24.735470 15.172064 19.828796 25.174538
102 10.590 324.807465 23.737091 14.555607 19.109240 24.194555
98 5.002 1163.441895 58.940910 57.553703 64.436295 70.007545
97 6.847 946.940979 50.541916 47.088280 53.700230 59.411411
93 6.865 943.410522 50.809441 47.351505 53.829586 59.439846
98 6.320 640.817322 48.358608 45.854759 53.780266 60.310879
66 6.516 947.774963 59.949417 57.934490 62.428185 66.335442
69 6.785 877.217468 55.997765 52.969654 57.949966 62.383923
100 5.744 774.377930 59.691738 58.988373 64.962013 69.752106
102 8.454 344.066833 43.027870 38.143978 43.698654 48.834030
126 10.562 392.911652 31.937841 25.964577 30.796824 35.404686
95 10.262 297.066559 26.705366 18.063999 23.037523 28.369125
111 9.002 568.602722 31.387449 22.774551 29.656965 36.518600
96 5.697 620.042358 58.502342 57.384109 63.789787 69.031677
99 13.610 668.478699 30.002932 24.106817 28.679646 33.089348
103 13.556 671.327271 29.277336 23.049110 27.736042 32.291840
105 13.175 648.021912 34.173664 28.761600 32.707752 36.575214
125 8.546 660.629211 41.985344 37.856323 44.468914 50.191227
106 7.858 621.706543 52.326614 50.597763 56.290928 61.001617
123 10.483 378.045441 33.469929 27.724651 32.755074 37.482655
128 9.967 480.206757 37.061016 32.241066 37.508495 42.273937
119 10.400 387.153717 32.696125 26.903397 32.032288 36.839401
91 8.129 753.471313 51.771648 49.624874 54.724346 58.953018
97 5.014 1154.475342 61.243111 60.905697 67.477295 72.637672
89 5.380 605.377136 59.954685 59.114616 65.410454 70.528549
104 13.446 671.095032 29.160639 22.942335 27.590502 32.112572
101 13.542 668.515808 29.981234 24.028732 28.769432 33.304237
104 7.481 767.822083 44.699898 41.127514 48.766766 55.220703
102 6.918 741.836792 46.899971 43.841419 51.635807 58.127750
106 7.867 639.712341 52.214581 50.460472 56.156960 60.872169
128 10.265 392.422943 35.423367 30.023584 35.214951 40.015881
123 10.350 383.946716 34.490761 28.871977 33.968197 38.728806
101 10.439 294.647369 26.088619 17.083242 21.658579 26.780416
102 5.201 1158.692017 60.592522 60.033417 66.607681 71.825569
97 4.857 1171.916016 62.869194 63.057716 69.568657 74.602844
123 11.570 238.423477 32.297779 26.475615 31.889719 36.948021
102 11.638 847.695068 34.899155 29.656164 35.874016 41.453255
125 8.227 553.906067 38.923656 33.439125 41.461258 48.487820
122 8.613 585.802307 36.396641 30.333553 37.626915 44.273884
119 10.045 412.488007 26.155941 16.940886 23.826855 30.684002
121 9.528 478.434052 29.455620 21.160685 27.967178 34.621044
119 10.196 503.616730 37.062229 31.815393 36.589603 41.067997
125 10.472 331.684753 28.502735 21.132469 26.838428 32.399284
93 10.553 236.114395 33.776318 26.742353 31.967430 37.190586
114 8.642 819.238403 41.968269 38.239681 45.733028 52.090839
108 7.185 917.251160 49.446106 46.986038 53.496468 58.943119
99 11.300 700.282166 29.081432 21.370359 27.209257 32.942432
127 10.306 572.435608 35.137783 29.952564 36.494953 42.333721
113 8.987 410.367889 40.756756 36.557476 42.324772 47.370197
113 9.601 409.414581 27.026478 17.825804 24.978493 32.056396
123 10.100 414.300446 25.683317 16.408020 23.079977 29.787035
102 9.194 626.993164 30.738180 22.835173 29.509502 35.976437
102 9.078 304.483063 39.054165 34.285442 40.171604 45.462479
99 10.669 249.509521 26.000761 17.144703 21.165997 25.789639
93 7.162 968.939392 55.115860 52.598236 58.205307 62.925976
91 8.417 284.386627 38.739887 32.663544 39.029125 45.053219
93 8.876 283.653534 38.031643 32.010864 38.243534 44.131649
58 7.550 367.882935 51.037502 48.731483 55.541649 61.201984
106 7.887 523.970398 52.262276 50.322777 55.963306 60.638508
112 9.200 418.543762 38.834957 34.000214 39.910927 45.214458
120 9.355 360.926300 35.871635 29.066395 34.993721 40.747307
121 9.901 412.756439 25.980970 16.656721 23.455408 30.276871
113 11.032 318.738922 29.012539 22.299337 27.692293 32.855022
126 10.731 343.068207 28.637840 21.528957 26.993410 32.298962
89 7.898 906.352112 51.591866 48.581486 53.634857 58.003933
